component_id,dcfbeec9cf4c5190,ef3f1ebb21d03d5c,292441755c5ffdcc,7d30471f7325a2a8,f173207ae9bd5ccd,0dc08daefa67c12e,ee5692c4832db94b,91510d8163e121fc,2496e35863212c76,208d36ae3c31f890,8bf949936eddd596,e8cde4045a54b14a,64880f270f8f6861,913c67d63ee5a478,28a0d94ccf2a6c08,e0008aaebb2fda63,680166d42265ad55,816022f1cffa8310,f8e4773a916f0f75,fda6a92d0fdc1a1d,fad9ff0f91ecab15,2902e60324bd4c13,23ff266a203fea0d,bec60afef14416c2,a0cc249592a067f4,acc065823d9dcfb7,4087717bb62f6610,0b596d1ce6d258c0,bc79985845236f4a,6b50c641a4eaf53e,bfe638853ce4a153,409ca5c54a3efce7,eeb44b96bbac9604,dd95aab5d08306e1,6a116a4eef3afb73,277f5aa08f7f9d9c,a669c488d63a2146,394fda88ef8296bd,08a55727092fc895
dcfbeec9cf4c5190,1.0,0.10400268809430147,0.06227108645312614,-0.016099994834361017,0.3669216228537897,0.05408518727877955,0.10400268809430147,0.11891312184591303,0.3097662583543989,0.021832219098198633,0.004216688068134512,0.008364667913575999,0.010868669735088864,0.020967341805161462,0.014006101044925095,0.008798790650956075,0.25141153037970915,0.20925265596082868,-0.016099994834361017,-0.06593145745707703,-0.019087216233566667,0.1113574735449776,-0.07608185841649993,-0.03853295368356873,-0.0584932413663843,-0.11335025937196949,-0.0349965624313654,0.19570480121772854,0.027548440075730346,-0.017675459983029943,0.0524278025473336,0.20049283898161196,0.0022805097924034636,0.04260257701092019,-0.00642960538361334,-0.018253645336279538,0.08229964227409854,0.042569407333387335,-0.016099994834361017
ef3f1ebb21d03d5c,0.10400268809430147,1.0,0.4249820104194943,-0.043942425961128385,-0.0016534460775115378,0.7755516436942381,1.0,0.055237622905385315,0.058830566536110886,0.012094929246258585,0.019681173375180484,0.02056515748656127,0.021971110285775988,0.043340663647867865,-0.008643882730368403,0.047479434783025534,0.4217265479545441,0.04615966037757378,-0.043942425961128385,-0.009037569129992838,-0.01292822294177388,0.017222523320485034,-0.003006813273301024,-0.010504213038247596,0.007385712667096399,-0.0038922714845169974,0.0037780580127613306,0.025365266556669035,-0.0016459852488346883,-0.0024858565572144654,0.4454800384622622,0.35447773138414035,0.0015568016022157332,0.04410976402177064,0.016426953745246917,0.034154633651232724,0.06767489109594496,0.10239887917565746,-0.043942425961128385
292441755c5ffdcc,0.06227108645312614,0.4249820104194943,1.0,-0.01983378815264481,0.26542549509934593,0.32900254278122365,0.4249820104194943,0.020069647708026547,0.018419646948661196,0.010190468254916239,0.007747748548532391,0.01584111326196252,0.020449535729841765,0.026511876269593993,-0.014037984263809694,0.015601520907331922,0.40117889886894054,0.02149810735547849,-0.01983378815264481,-0.019176198835702787,0.00963294135481712,-0.00047481225878438283,0.0030933938321054534,-0.014089101289814365,-0.018596936118615865,-0.011519656272289923,-0.006370497873317542,0.000564418758712387,0.0022009644492930643,-0.004079017562597087,0.5361846847765721,0.3078065986188937,0.0004382612682404495,0.016249592019533937,-0.004473280444220234,0.0052966930679041214,0.018418172038075473,0.10933320696738849,-0.01983378815264481
7d30471f7325a2a8,-0.016099994834361017,-0.043942425961128385,-0.01983378815264481,1.0,-0.008253434538472068,-0.033530333182193894,-0.043942425961128385,-0.01228067705701119,-0.023866735726890218,0.037245978427627474,0.016119225904399362,-0.004774676687874956,-0.005622621159893876,0.04705134342185369,0.01047449190705092,-0.00653849190907004,0.003715478159678557,-0.009608354279678415,1.0,-0.03034979630982586,0.018492085954065728,-0.012734114847924501,0.0006607839065279539,0.01607085489076431,-0.011292619425050708,-0.005700083359014655,-0.004940601814681294,0.008227169111566936,0.12222746785973565,0.24516129525667563,-0.009736176871183165,0.0008904630848222914,0.004349102820567517,-0.011204513469612258,-0.008015427117699748,0.012158216784745827,-0.0021157498109380304,-0.03310859432543963,1.0
f173207ae9bd5ccd,0.3669216228537897,-0.0016534460775115378,0.26542549509934593,-0.008253434538472068,1.0,-0.005018018808907679,-0.0016534460775115432,0.03450228788973681,0.19302548038875111,0.028254967804021903,-0.02087615930758843,0.005686345074972601,0.010493357972171916,0.016410872705979393,-0.01933723330436845,0.006689888690446344,0.14008856072293005,0.06186830404777129,-0.008253434538472068,-0.04255578410699882,-0.025610088291280263,-0.027326967193302045,-0.04693112711328505,-0.0061824450311378605,-0.043376873440342724,-0.013100746749869345,-0.018758913381851684,0.10415676354100989,0.05773870742617987,-0.02294887314956106,-0.00273093851541172,-0.0156306193197378,0.003466244685065857,-0.018634491865869563,-0.024867683904025554,-0.00268557219030628,0.009560639929311871,0.022995268486651073,-0.008253434538472068
0dc08daefa67c12e,0.05408518727877955,0.7755516436942381,0.32900254278122365,-0.033530333182193894,-0.005018018808907679,1.0,0.7755516436942381,0.03955002868208878,0.05260848713625716,0.056876848726091125,0.01663804740752577,0.019380110395990528,0.02091805185560029,0.08516391598346154,0.002797752404140971,0.36299012422830906,0.305197571519009,0.05830108318579719,-0.033530333182193894,-0.04393678083300067,0.0019577845023417955,0.011325437819716094,0.02736766042720072,0.02026199193946351,0.012683829153064197,0.018818768564181017,0.01697038022171672,0.0038310314939319847,0.010162029695438462,-0.0030793130400380377,0.34077425791298027,0.2784654025577961,0.0009197653129803811,0.059026243481578124,0.018288495886324384,0.02711850617980339,0.05304044882055986,0.12356957176324244,-0.033530333182193894
ee5692c4832db94b,0.10400268809430147,1.0,0.4249820104194943,-0.043942425961128385,-0.0016534460775115432,0.7755516436942381,1.0,0.055237622905385315,0.058830566536110886,0.012094929246258585,0.019681173375180484,0.02056515748656127,0.021971110285775988,0.043340663647867865,-0.008643882730368403,0.047479434783025534,0.4217265479545441,0.04615966037757378,-0.043942425961128385,-0.009037569129992838,-0.01292822294177388,0.017222523320485034,-0.003006813273301024,-0.010504213038247596,0.007385712667096399,-0.0038922714845169974,0.0037780580127613306,0.025365266556669035,-0.0016459852488346883,-0.0024858565572144654,0.4454800384622622,0.35447773138414035,0.0015568016022157332,0.04410976402177064,0.016426953745246917,0.034154633651232724,0.06767489109594496,0.10239887917565746,-0.043942425961128385
91510d8163e121fc,0.11891312184591303,0.055237622905385315,0.020069647708026547,-0.01228067705701119,0.03450228788973681,0.03955002868208878,0.055237622905385315,1.0,0.09212219794391643,0.013572209493598822,0.017349213099464043,0.02624559711681374,0.025177669213611604,0.017347275037917803,0.03937653420997815,0.014087225393444513,0.03808040970363024,0.15398335538433114,-0.012280677057011191,-0.03050076412866797,0.04872168044248242,0.0485802884599444,-0.03337234421332931,-0.014090383783197654,-0.004897983065633162,0.0062459997579032474,-0.0004693194006563322,0.03768415924896308,0.013330327711067926,0.025276471800120704,0.03970349729639034,0.024412995026100028,-0.0069407464426101675,0.1314838784008119,-0.010226095602955742,0.012824099564866152,0.20397797945891621,0.04538665267404122,-0.012280677057011191
2496e35863212c76,0.3097662583543989,0.058830566536110886,0.018419646948661196,-0.023866735726890218,0.19302548038875111,0.05260848713625716,0.058830566536110886,0.09212219794391643,1.0,0.022356432606532573,0.02942161631800442,0.03531397596480219,0.0356402727174302,0.021412676277175142,0.06280973856838179,0.047197402170088484,0.05996235364767496,0.18539452074964372,-0.02386673572689022,-0.026465217626148098,0.0313589073669084,-0.013082915468039573,-0.0061070174854242045,-0.014363128904100861,-0.03214902354644915,-0.007719804953136552,-0.022009472933978525,0.10772329946615981,0.017173981910287284,-0.009128859287458234,0.018991602656066333,-0.00978161075458024,-0.019936744821372122,-0.00070942361184139,-0.03931033254318388,-0.017977122526679892,0.06968658128462996,0.07140127639616534,-0.02386673572689022
208d36ae3c31f890,0.021832219098198633,0.012094929246258585,0.010190468254916239,0.037245978427627474,0.028254967804021903,0.056876848726091125,0.012094929246258585,0.013572209493598822,0.022356432606532573,1.0,-0.004898787830418169,-0.011643484153261711,-0.01395094703241971,0.6409398915682271,0.02797293694580712,0.017183857422817996,0.032859115291239686,0.030876084103966285,0.037245978427627474,-0.2819512240322687,-0.019245848791482455,0.03107193097795148,-0.04874101519358054,0.014565639376480321,0.005434735674575203,0.0008096277932577591,-0.005022132697560208,0.0047037912804752825,-0.026035184705641434,0.018482791601289676,0.006034624665323792,0.03292759050474282,0.14283918376151417,-0.016680968369938917,0.002834413611952937,-0.018239304341982825,-0.014097377526767329,-0.005954374045110417,0.037245978427627474
8bf949936eddd596,0.004216688068134512,0.019681173375180484,0.007747748548532391,0.016119225904399362,-0.02087615930758843,0.01663804740752577,0.019681173375180484,0.017349213099464043,0.02942161631800442,-0.004898787830418169,1.0,0.6750545326528116,0.6322112535523887,-0.010439245163662262,0.02040410641563343,0.001135810216917571,0.039860031989602,0.03157941634453576,0.016119225904399362,0.009969015265408818,-0.023205316921371268,-0.044875886534457454,-0.010520421232690176,-0.010905879986996431,-0.011647627238304158,-0.0035913952697122116,0.008282980024003664,0.06300424567859826,0.01882921550989192,-0.023522175173392553,0.02501717381991659,-0.008941442992863915,-0.009353964312206208,-0.013809295935339742,-0.02136577028436629,-0.028108012066086225,-0.0006662177160275162,-0.002563682767623534,0.016119225904399362
e8cde4045a54b14a,0.008364667913575999,0.02056515748656127,0.01584111326196252,-0.004774676687874956,0.005686345074972601,0.019380110395990528,0.02056515748656127,0.02624559711681374,0.03531397596480219,-0.011643484153261711,0.6750545326528116,1.0,0.9913543729616481,-0.020372779669914888,0.010801414550871668,0.007488825170648003,0.032926419929494216,0.03079816379457993,-0.004774676687874957,0.019926451154660404,0.00734505336027664,-0.03049786247593903,-0.002117470683590401,-0.00590770826407018,-0.010898460553873886,-0.0038555797211585596,0.00235885222941838,0.024062559418909786,0.023642005822053783,-0.0043996043681768515,0.02867236056926533,0.01707686247946861,-0.0011765495790547176,-0.018862714649736583,-0.027844568031864754,-0.04707871465323947,0.0058721393193662125,-0.0024586869167924305,-0.004774676687874957
64880f270f8f6861,0.010868669735088864,0.021971110285775988,0.020449535729841765,-0.005622621159893876,0.010493357972171916,0.02091805185560029,0.021971110285775988,0.025177669213611604,0.0356402727174302,-0.01395094703241971,0.6322112535523887,0.9913543729616481,1.0,-0.021728664456547513,0.009000185029952151,0.006761790969733565,0.03819833511815883,0.02963746207459767,-0.005622621159893877,0.01913217674618089,0.01417374377465887,-0.03003884188093585,-0.0034182208738325753,-0.0020199695823024948,-0.007590922050413112,-0.002218481831365191,0.004386159192997517,0.01595191544746102,0.024746439132001675,-0.0015920596000256236,0.03300745141904449,0.021988018350407923,-0.0018204273223618238,-0.01561161664697893,-0.026008701839078267,-0.04523957233832514,0.0067303256423637305,-0.0004017038515162256,-0.005622621159893877
913c67d63ee5a478,0.020967341805161462,0.043340663647867865,0.026511876269593993,0.04705134342185369,0.016410872705979393,0.08516391598346154,0.043340663647867865,0.017347275037917803,0.021412676277175142,0.6409398915682271,-0.010439245163662262,-0.020372779669914888,-0.021728664456547513,1.0,0.025981287111629794,0.04469963206176936,0.08126318978126984,0.02124108110564598,0.0470513434218537,-0.2080764381700644,0.0057893508441695845,0.02594157875063873,-0.03621936899704554,0.05011166031674846,0.047633673987171846,0.06327968374995228,0.03036964035370871,0.018754475695067576,-0.0284358691966494,0.03299052130156277,0.01200934234484283,0.043011646066076104,0.06907357870569754,-0.01216213420975405,0.007583905019463149,-0.02742939687139018,-0.009177826540932172,-0.005747521234348001,0.0470513434218537
28a0d94ccf2a6c08,0.014006101044925095,-0.008643882730368403,-0.014037984263809694,0.01047449190705092,-0.01933723330436845,0.002797752404140971,-0.008643882730368403,0.03937653420997815,0.06280973856838179,0.02797293694580712,0.02040410641563343,0.010801414550871668,0.009000185029952151,0.025981287111629794,1.0,0.05828339009542598,-0.010321971673649588,-0.027901331169757446,0.010474491907050916,0.009056031448279751,0.007979713253063556,-0.00020055317427868305,0.02723210287636532,0.006186365753580203,0.02437331805053677,0.04126532252613735,-0.0018405376502059272,0.05453571231250516,0.02804324079826622,0.03573730240505779,0.0012293574710275088,-0.011199517459466625,0.0009756860883871503,0.053370685028868776,0.07201753149946696,0.03425637100676155,0.016521369816468078,0.06509051405008405,0.010474491907050916
e0008aaebb2fda63,0.008798790650956075,0.047479434783025534,0.015601520907331922,-0.00653849190907004,0.006689888690446344,0.36299012422830906,0.047479434783025534,0.014087225393444513,0.047197402170088484,0.017183857422817996,0.001135810216917571,0.007488825170648003,0.006761790969733565,0.04469963206176936,0.05828339009542598,1.0,0.0035885597298348174,0.03989221451356452,-0.00653849190907004,-0.0023306738062167003,0.019538840565406584,-0.010829583689375295,0.0007285832657672506,0.01402851039761417,0.01903271508032757,0.022317221976538428,0.012834790946244805,0.015912825595166272,0.03988836993425638,0.004898066191079425,0.028882535381763753,0.002997297949367979,-0.004830743724505732,0.0827850886865014,0.05302413382255002,0.03903002448576032,-0.04641019347328081,0.08835237958168335,-0.00653849190907004
680166d42265ad55,0.25141153037970915,0.4217265479545441,0.40117889886894054,0.003715478159678557,0.14008856072293005,0.305197571519009,0.4217265479545441,0.03808040970363024,0.05996235364767496,0.032859115291239686,0.039860031989602,0.032926419929494216,0.03819833511815883,0.08126318978126984,-0.010321971673649588,0.0035885597298348174,1.0,0.04265416411261864,0.003715478159678557,-0.017915300982561028,0.018861265966260907,-0.06083625201430046,0.010073001224337646,0.005417621670133855,-0.022777091680247566,-0.014038523345154107,-0.0025139729392089066,0.09219452963380025,0.0052676453397438,0.001815010709427313,0.4508223169407683,0.2854957180319791,-0.00014464926647415332,0.06330401141149217,0.002796393638561613,0.0013303513775931944,0.08604182346189523,0.10726194914892734,0.003715478159678557
816022f1cffa8310,0.20925265596082868,0.04615966037757378,0.02149810735547849,-0.009608354279678415,0.06186830404777129,0.05830108318579719,0.04615966037757378,0.15398335538433114,0.18539452074964372,0.030876084103966285,0.03157941634453576,0.03079816379457993,0.02963746207459767,0.02124108110564598,-0.027901331169757446,0.03989221451356452,0.04265416411261864,1.0,-0.009608354279678412,-0.020783996345209395,0.07362886169927227,0.020910280306744192,-0.01629571871082948,0.0007683188035025868,-0.02190988127634232,-0.03171379588696086,0.007259459984067393,0.02053245217350184,0.0011592976679636368,-0.02595911523778632,0.015787645628471965,0.015361843297493434,-0.002237068603850747,0.04131535703089014,-0.05154342785691899,-0.03366988692456479,0.03221070310312158,0.1003857015755463,-0.009608354279678412
f8e4773a916f0f75,-0.016099994834361017,-0.043942425961128385,-0.01983378815264481,1.0,-0.008253434538472068,-0.033530333182193894,-0.043942425961128385,-0.012280677057011191,-0.02386673572689022,0.037245978427627474,0.016119225904399362,-0.004774676687874957,-0.005622621159893877,0.0470513434218537,0.010474491907050916,-0.00653849190907004,0.003715478159678557,-0.009608354279678412,1.0,-0.03034979630982586,0.018492085954065728,-0.012734114847924501,0.0006607839065279539,0.01607085489076431,-0.011292619425050708,-0.005700083359014655,-0.004940601814681294,0.008227169111566936,0.12222746785973565,0.24516129525667563,-0.009736176871183165,0.0008904630848222914,0.004349102820567517,-0.011204513469612258,-0.008015427117699748,0.012158216784745827,-0.0021157498109380304,-0.03310859432543963,1.0
fda6a92d0fdc1a1d,-0.06593145745707703,-0.009037569129992838,-0.019176198835702787,-0.03034979630982586,-0.04255578410699882,-0.04393678083300067,-0.009037569129992838,-0.03050076412866797,-0.026465217626148098,-0.2819512240322687,0.009969015265408818,0.019926451154660404,0.01913217674618089,-0.2080764381700644,0.009056031448279751,-0.0023306738062167003,-0.017915300982561028,-0.020783996345209395,-0.03034979630982586,1.0,-0.0007644818825567513,0.08148806478304961,0.03735426394358853,0.061890061240966604,0.03273973827425281,0.014292097669845533,0.049278843324581406,0.13160675441991315,0.17028937862011667,0.03551298998709946,-0.01592639435018241,-0.012768179714109084,0.002107209244779013,0.05830766918838054,0.02440283853414622,0.02945823779192065,0.04762544588554992,0.027054831988318595,-0.03034979630982586
fad9ff0f91ecab15,-0.019087216233566667,-0.01292822294177388,0.00963294135481712,0.018492085954065728,-0.025610088291280263,0.0019577845023417955,-0.01292822294177388,0.04872168044248242,0.0313589073669084,-0.019245848791482455,-0.023205316921371268,0.00734505336027664,0.01417374377465887,0.0057893508441695845,0.007979713253063556,0.019538840565406584,0.018861265966260907,0.07362886169927227,0.018492085954065728,-0.0007644818825567513,1.0,0.027574327153129973,0.02458172393452374,0.012036538345125513,0.015284141095851923,0.05670094700878554,0.00998413900320578,-0.04285301094577903,-0.004282892814894051,0.008507537644486102,-0.009733164952674542,0.010403977991373608,-0.0006616332070008274,0.03737100741215153,0.03556374962309025,0.04347691218659563,0.03466433872466832,0.06829087467717498,0.018492085954065728
2902e60324bd4c13,0.1113574735449776,0.017222523320485034,-0.00047481225878438283,-0.012734114847924501,-0.027326967193302045,0.011325437819716094,0.017222523320485034,0.0485802884599444,-0.013082915468039573,0.03107193097795148,-0.044875886534457454,-0.03049786247593903,-0.03003884188093585,0.02594157875063873,-0.00020055317427868305,-0.010829583689375295,-0.06083625201430046,0.020910280306744192,-0.012734114847924501,0.08148806478304961,0.027574327153129973,1.0,-0.0014362005430068546,-0.0086558539237119,0.0008791290397616071,-0.05045651094089242,-0.006124786088891264,0.22315320311412584,0.03198117021379373,-0.020518802671841717,-0.00020035362703340882,0.026397033966865713,0.01399446523722985,0.030390002271770283,0.009565021715903635,0.030415477978612545,0.012821702378035059,0.03253324379394254,-0.012734114847924501
23ff266a203fea0d,-0.07608185841649993,-0.003006813273301024,0.0030933938321054534,0.0006607839065279539,-0.04693112711328505,0.02736766042720072,-0.003006813273301024,-0.03337234421332931,-0.0061070174854242045,-0.04874101519358054,-0.010520421232690176,-0.002117470683590401,-0.0034182208738325753,-0.03621936899704554,0.02723210287636532,0.0007285832657672506,0.010073001224337646,-0.01629571871082948,0.0006607839065279539,0.03735426394358853,0.02458172393452374,-0.0014362005430068546,1.0,0.02814660146395956,-0.0059694587737822895,0.10098587365104135,0.011176505146848587,0.009091045192910527,-0.020112533453077702,-0.00415213906873298,-0.0020470184042261056,0.0030019858011283915,0.02354221005897556,0.004838585665728792,0.005338548543853378,0.017833760301948245,-0.013133756067364607,-0.009986185383684263,0.0006607839065279522
bec60afef14416c2,-0.03853295368356873,-0.010504213038247596,-0.014089101289814365,0.01607085489076431,-0.0061824450311378605,0.02026199193946351,-0.010504213038247596,-0.014090383783197654,-0.014363128904100861,0.014565639376480321,-0.010905879986996431,-0.00590770826407018,-0.0020199695823024948,0.05011166031674846,0.006186365753580203,0.01402851039761417,0.005417621670133855,0.0007683188035025868,0.01607085489076431,0.061890061240966604,0.012036538345125513,-0.0086558539237119,0.02814660146395956,1.0,0.09457934912156499,0.10691178836462288,0.525329675465217,0.01766409565394458,0.023450569920689397,0.016522577596186864,-0.01114760316899608,0.014547467976771308,0.0010904879754682533,0.038394734030203215,0.09017763103238807,0.06932275891180449,-0.00863301757956001,-0.01847970242088071,0.016070854890764305
a0cc249592a067f4,-0.0584932413663843,0.007385712667096399,-0.018596936118615865,-0.011292619425050708,-0.043376873440342724,0.012683829153064197,0.007385712667096399,-0.004897983065633162,-0.03214902354644915,0.005434735674575203,-0.011647627238304158,-0.010898460553873886,-0.007590922050413112,0.047633673987171846,0.02437331805053677,0.01903271508032757,-0.022777091680247566,-0.02190988127634232,-0.011292619425050708,0.03273973827425281,0.015284141095851923,0.0008791290397616071,-0.0059694587737822895,0.09457934912156499,1.0,0.055409108014482074,0.582072878666194,-0.06466689743380732,-0.0048575696509118044,0.009561789285460264,-0.0062147479288796785,-0.010449006168943559,0.0027487182580974504,0.09589677264971672,0.19914220048331643,0.04519447576994797,-0.003756568972730002,0.002082644556869268,-0.01129261942505071
acc065823d9dcfb7,-0.11335025937196949,-0.0038922714845169974,-0.011519656272289923,-0.005700083359014655,-0.013100746749869345,0.018818768564181017,-0.0038922714845169974,0.0062459997579032474,-0.007719804953136552,0.0008096277932577591,-0.0035913952697122116,-0.0038555797211585596,-0.002218481831365191,0.06327968374995228,0.04126532252613735,0.022317221976538428,-0.014038523345154107,-0.03171379588696086,-0.005700083359014655,0.014292097669845533,0.05670094700878554,-0.05045651094089242,0.10098587365104135,0.10691178836462288,0.055409108014482074,1.0,0.051257269664104675,-0.01710191251599205,0.02144847548202392,0.012583039723076573,-0.002277535190144778,-0.02240606869746756,0.011455553725312706,0.012854706251575213,0.03696712450571205,0.036508037147945094,-0.00977079627366679,-0.01599514613122314,-0.005700083359014656
4087717bb62f6610,-0.0349965624313654,0.0037780580127613306,-0.006370497873317542,-0.004940601814681294,-0.018758913381851684,0.01697038022171672,0.0037780580127613306,-0.0004693194006563322,-0.022009472933978525,-0.005022132697560208,0.008282980024003664,0.00235885222941838,0.004386159192997517,0.03036964035370871,-0.0018405376502059272,0.012834790946244805,-0.0025139729392089066,0.007259459984067393,-0.004940601814681294,0.049278843324581406,0.00998413900320578,-0.006124786088891264,0.011176505146848587,0.525329675465217,0.582072878666194,0.051257269664104675,1.0,0.002645203043090102,-0.013033212803123636,0.0050437399788276676,-0.0011375805009525746,-0.0006373359313781758,0.001500835618413136,0.07324224262037106,0.15321516220246972,0.05226573659903586,-0.0011384273799360314,-0.016179775811139857,-0.004940601814681294
0b596d1ce6d258c0,0.19570480121772854,0.025365266556669035,0.000564418758712387,0.008227169111566936,0.10415676354100989,0.0038310314939319847,0.025365266556669035,0.03768415924896308,0.10772329946615981,0.0047037912804752825,0.06300424567859826,0.024062559418909786,0.01595191544746102,0.018754475695067576,0.05453571231250516,0.015912825595166272,0.09219452963380025,0.02053245217350184,0.008227169111566936,0.13160675441991315,-0.04285301094577903,0.22315320311412584,0.009091045192910527,0.01766409565394458,-0.06466689743380732,-0.01710191251599205,0.002645203043090102,1.0,0.08940090131101215,0.009163728942493114,0.006923764217407803,-0.014010069154248591,0.011346805184530163,0.031992489668933526,-0.0029038614104634525,0.008684679434873468,0.011471491189675307,0.06313481991152879,0.008227169111566934
bc79985845236f4a,0.027548440075730346,-0.0016459852488346883,0.0022009644492930643,0.12222746785973565,0.05773870742617987,0.010162029695438462,-0.0016459852488346883,0.013330327711067926,0.017173981910287284,-0.026035184705641434,0.01882921550989192,0.023642005822053783,0.024746439132001675,-0.0284358691966494,0.02804324079826622,0.03988836993425638,0.0052676453397438,0.0011592976679636368,0.12222746785973565,0.17028937862011667,-0.004282892814894051,0.03198117021379373,-0.020112533453077702,0.023450569920689397,-0.0048575696509118044,0.02144847548202392,-0.013033212803123636,0.08940090131101215,1.0,0.3761433398884421,-0.0013624324179556373,-0.012787357964186724,0.00014770586630701176,0.04384189920382318,-0.009701696576039327,0.021091605171894595,0.011178315603345718,0.11229216625995166,0.12222746785973569
6b50c641a4eaf53e,-0.017675459983029943,-0.0024858565572144654,-0.004079017562597087,0.24516129525667563,-0.02294887314956106,-0.0030793130400380377,-0.0024858565572144654,0.025276471800120704,-0.009128859287458234,0.018482791601289676,-0.023522175173392553,-0.0043996043681768515,-0.0015920596000256236,0.03299052130156277,0.03573730240505779,0.004898066191079425,0.001815010709427313,-0.02595911523778632,0.24516129525667563,0.03551298998709946,0.008507537644486102,-0.020518802671841717,-0.00415213906873298,0.016522577596186864,0.009561789285460264,0.012583039723076573,0.0050437399788276676,0.009163728942493114,0.3761433398884421,1.0,0.006210030783753091,0.00641806532215507,0.00231149248320334,0.01814313730397221,0.043257045513199456,0.04217291800831508,-0.006426928622546468,-0.024527679937971666,0.24516129525667563
bfe638853ce4a153,0.0524278025473336,0.4454800384622622,0.5361846847765721,-0.009736176871183165,-0.00273093851541172,0.34077425791298027,0.4454800384622622,0.03970349729639034,0.018991602656066333,0.006034624665323792,0.02501717381991659,0.02867236056926533,0.03300745141904449,0.01200934234484283,0.0012293574710275088,0.028882535381763753,0.4508223169407683,0.015787645628471965,-0.009736176871183165,-0.01592639435018241,-0.009733164952674542,-0.00020035362703340882,-0.0020470184042261056,-0.01114760316899608,-0.0062147479288796785,-0.002277535190144778,-0.0011375805009525746,0.006923764217407803,-0.0013624324179556373,0.006210030783753091,1.0,0.2387692009809124,0.000320554910706083,0.015249876236751747,-0.0044024398760900705,0.01334854198759912,0.022966569223310928,0.010932096658465815,-0.009736176871183165
409ca5c54a3efce7,0.20049283898161196,0.35447773138414035,0.3078065986188937,0.0008904630848222914,-0.0156306193197378,0.2784654025577961,0.35447773138414035,0.024412995026100028,-0.00978161075458024,0.03292759050474282,-0.008941442992863915,0.01707686247946861,0.021988018350407923,0.043011646066076104,-0.011199517459466625,0.002997297949367979,0.2854957180319791,0.015361843297493434,0.0008904630848222914,-0.012768179714109084,0.010403977991373608,0.026397033966865713,0.0030019858011283915,0.014547467976771308,-0.010449006168943559,-0.02240606869746756,-0.0006373359313781758,-0.014010069154248591,-0.012787357964186724,0.00641806532215507,0.2387692009809124,1.0,0.00021066894598266564,0.04319410167566696,-0.004095914648038835,0.008926165533743582,0.021769690594289633,0.0921374298403129,0.0008904630848222912
eeb44b96bbac9604,0.0022805097924034636,0.0015568016022157332,0.0004382612682404495,0.004349102820567517,0.003466244685065857,0.0009197653129803811,0.0015568016022157332,-0.0069407464426101675,-0.019936744821372122,0.14283918376151417,-0.009353964312206208,-0.0011765495790547176,-0.0018204273223618238,0.06907357870569754,0.0009756860883871503,-0.004830743724505732,-0.00014464926647415332,-0.002237068603850747,0.004349102820567517,0.002107209244779013,-0.0006616332070008274,0.01399446523722985,0.02354221005897556,0.0010904879754682533,0.0027487182580974504,0.011455553725312706,0.001500835618413136,0.011346805184530163,0.00014770586630701176,0.00231149248320334,0.000320554910706083,0.00021066894598266564,1.0,0.003961531051800947,0.0034835185573700266,0.019753104776095803,0.0026150616966324263,-0.004728852604152937,0.004349102820567517
dd95aab5d08306e1,0.04260257701092019,0.04410976402177064,0.016249592019533937,-0.011204513469612258,-0.018634491865869563,0.059026243481578124,0.04410976402177064,0.1314838784008119,-0.00070942361184139,-0.016680968369938917,-0.013809295935339742,-0.018862714649736583,-0.01561161664697893,-0.01216213420975405,0.053370685028868776,0.0827850886865014,0.06330401141149217,0.04131535703089014,-0.011204513469612258,0.05830766918838054,0.03737100741215153,0.030390002271770283,0.004838585665728792,0.038394734030203215,0.09589677264971672,0.012854706251575213,0.07324224262037106,0.031992489668933526,0.04384189920382318,0.01814313730397221,0.015249876236751747,0.04319410167566696,0.003961531051800947,1.0,0.5284654252012241,0.12000266065222166,0.35924578216757125,0.3634333830810055,-0.011204513469612255
6a116a4eef3afb73,-0.00642960538361334,0.016426953745246917,-0.004473280444220234,-0.008015427117699748,-0.024867683904025554,0.018288495886324384,0.016426953745246917,-0.010226095602955742,-0.03931033254318388,0.002834413611952937,-0.02136577028436629,-0.027844568031864754,-0.026008701839078267,0.007583905019463149,0.07201753149946696,0.05302413382255002,0.002796393638561613,-0.05154342785691899,-0.008015427117699748,0.02440283853414622,0.03556374962309025,0.009565021715903635,0.005338548543853378,0.09017763103238807,0.19914220048331643,0.03696712450571205,0.15321516220246972,-0.0029038614104634525,-0.009701696576039327,0.043257045513199456,-0.0044024398760900705,-0.004095914648038835,0.0034835185573700266,0.5284654252012241,1.0,0.2386565142530643,0.00646170606097513,0.02291794720623005,-0.008015427117699755
277f5aa08f7f9d9c,-0.018253645336279538,0.034154633651232724,0.0052966930679041214,0.012158216784745827,-0.00268557219030628,0.02711850617980339,0.034154633651232724,0.012824099564866152,-0.017977122526679892,-0.018239304341982825,-0.028108012066086225,-0.04707871465323947,-0.04523957233832514,-0.02742939687139018,0.03425637100676155,0.03903002448576032,0.0013303513775931944,-0.03366988692456479,0.012158216784745827,0.02945823779192065,0.04347691218659563,0.030415477978612545,0.017833760301948245,0.06932275891180449,0.04519447576994797,0.036508037147945094,0.05226573659903586,0.008684679434873468,0.021091605171894595,0.04217291800831508,0.01334854198759912,0.008926165533743582,0.019753104776095803,0.12000266065222166,0.2386565142530643,1.0,0.0086814507681705,0.0318318661433863,0.012158216784745827
a669c488d63a2146,0.08229964227409854,0.06767489109594496,0.018418172038075473,-0.0021157498109380304,0.009560639929311871,0.05304044882055986,0.06767489109594496,0.20397797945891621,0.06968658128462996,-0.014097377526767329,-0.0006662177160275162,0.0058721393193662125,0.0067303256423637305,-0.009177826540932172,0.016521369816468078,-0.04641019347328081,0.08604182346189523,0.03221070310312158,-0.0021157498109380304,0.04762544588554992,0.03466433872466832,0.012821702378035059,-0.013133756067364607,-0.00863301757956001,-0.003756568972730002,-0.00977079627366679,-0.0011384273799360314,0.011471491189675307,0.011178315603345718,-0.006426928622546468,0.022966569223310928,0.021769690594289633,0.0026150616966324263,0.35924578216757125,0.00646170606097513,0.0086814507681705,1.0,0.2827971192283848,-0.002115749810938029
394fda88ef8296bd,0.042569407333387335,0.10239887917565746,0.10933320696738849,-0.03310859432543963,0.022995268486651073,0.12356957176324244,0.10239887917565746,0.04538665267404122,0.07140127639616534,-0.005954374045110417,-0.002563682767623534,-0.0024586869167924305,-0.0004017038515162256,-0.005747521234348001,0.06509051405008405,0.08835237958168335,0.10726194914892734,0.1003857015755463,-0.03310859432543963,0.027054831988318595,0.06829087467717498,0.03253324379394254,-0.009986185383684263,-0.01847970242088071,0.002082644556869268,-0.01599514613122314,-0.016179775811139857,0.06313481991152879,0.11229216625995166,-0.024527679937971666,0.010932096658465815,0.0921374298403129,-0.004728852604152937,0.3634333830810055,0.02291794720623005,0.0318318661433863,0.2827971192283848,1.0,-0.03310859432543964
08a55727092fc895,-0.016099994834361017,-0.043942425961128385,-0.01983378815264481,1.0,-0.008253434538472068,-0.033530333182193894,-0.043942425961128385,-0.012280677057011191,-0.02386673572689022,0.037245978427627474,0.016119225904399362,-0.004774676687874957,-0.005622621159893877,0.0470513434218537,0.010474491907050916,-0.00653849190907004,0.003715478159678557,-0.009608354279678412,1.0,-0.03034979630982586,0.018492085954065728,-0.012734114847924501,0.0006607839065279522,0.016070854890764305,-0.01129261942505071,-0.005700083359014656,-0.004940601814681294,0.008227169111566934,0.12222746785973569,0.24516129525667563,-0.009736176871183165,0.0008904630848222912,0.004349102820567517,-0.011204513469612255,-0.008015427117699755,0.012158216784745827,-0.002115749810938029,-0.03310859432543964,1.0
