component_id,aeb3c97678fffc03,bcfc1ff3b7cf8a4a,9c7fb1982851f609,f884aeb8a0a20815,a37a53c4e1fce137,dcfbeec9cf4c5190,ef3f1ebb21d03d5c,292441755c5ffdcc,7d30471f7325a2a8,f173207ae9bd5ccd,0dc08daefa67c12e,ee5692c4832db94b,91510d8163e121fc,2496e35863212c76,208d36ae3c31f890,8bf949936eddd596,e8cde4045a54b14a,64880f270f8f6861,913c67d63ee5a478,28a0d94ccf2a6c08,e0008aaebb2fda63,680166d42265ad55,816022f1cffa8310,f8e4773a916f0f75,fda6a92d0fdc1a1d,fad9ff0f91ecab15,2902e60324bd4c13,23ff266a203fea0d,bec60afef14416c2,a0cc249592a067f4,acc065823d9dcfb7,4087717bb62f6610,0b596d1ce6d258c0,bc79985845236f4a,6b50c641a4eaf53e,bfe638853ce4a153,409ca5c54a3efce7,eeb44b96bbac9604,dd95aab5d08306e1,6a116a4eef3afb73
aeb3c97678fffc03,1.0,0.19706173791074422,0.186152948141702,0.04748369105543082,0.04336884538996819,0.10399532082199475,1.0,0.42498056828182823,-0.043966577981052454,-0.0016566202726775135,0.7755583332886845,1.0,0.05523781738529435,0.05882788409206027,0.012117377024044139,0.01968317643627893,0.020573713371977276,0.021984780611434045,0.04336884538996819,-0.008649195900787846,0.04748369105543082,0.42172800672819377,0.04616025040402395,-0.043966577981052454,-0.009052706089681182,-0.012923073584381592,0.01721511799542878,-0.0030179335161648582,-0.010525330998390658,0.0073674415052598285,-0.003915897298222792,0.0037585605480762387,0.025353232490594416,-0.0016654584353760777,-0.0025023663646589847,0.4454788754586262,0.354476795769477,0.0015602859319023504,0.04410114866251125,0.016416418499138868
bcfc1ff3b7cf8a4a,0.19706173791074422,1.0,0.08853248827346354,0.025930626065998368,0.053677068036272195,0.7686937416066261,0.19706173791074422,0.17047437285223954,-0.011949033442824733,0.3617145978453293,0.15717425803952245,0.19706173791074422,0.13734620835508554,0.2920864161578929,0.056202603765610634,0.010665042692959807,0.0145147416666381,0.020540603391312688,0.053677068036272195,0.013012193812086455,0.025930626065998368,0.4643862987445857,0.2089618581003808,-0.011949033442824733,-0.08049792927309916,-0.00811117279259636,0.10549184572136906,-0.06138693457838117,-0.02589986982541932,-0.047095771990516316,-0.13138644000720107,-0.04055950529837288,0.126806867200658,0.060847606655551514,-0.0239306496977406,0.21230504019377508,0.21443342080198652,-0.01905929233088283,0.06493105904322737,-0.021043641688469266
9c7fb1982851f609,0.186152948141702,0.08853248827346354,1.0,0.0807681482507733,-0.006362017345006389,0.10232712794223375,0.186152948141702,0.02199744539108342,-0.023136838514214636,-0.018973027544467655,0.175362728427288,0.186152948141702,0.055060272327951396,0.04143655437664795,0.0014259881334148911,0.18057819584806353,0.18700410427958694,0.17235271670635166,-0.006362017345006389,0.04198024268646087,0.0807681482507733,0.019040328062575034,0.1642386288668476,-0.023136838514214636,-0.03444414739227663,0.0063730279214248625,0.002490845800137623,-0.0033128798829411433,-0.015832706060548103,-0.04605611140156181,-0.0018261072834781671,-0.014067464564180425,-0.014873735231924678,0.04384191862131265,-0.027822251499311057,0.08748008075668083,-0.0007452262647046533,0.011828452828582785,0.08416838933946647,0.014914496675463023
f884aeb8a0a20815,0.04748369105543082,0.025930626065998368,0.0807681482507733,1.0,0.044651213927624056,0.008839764938549741,0.04748369105543082,0.01560937689811099,-0.006490613023476301,0.006698055423901641,0.36298474880283566,0.04748369105543082,0.014086910138934983,0.047205158698365376,0.017133168134481545,0.0011307899343283448,0.007468267387725507,0.006730054524252198,0.044651213927624056,0.05829759323844895,1.0,0.0035860275995876784,0.03989101399304674,-0.006490613023476301,-0.002293670974233848,0.019525607113892517,-0.010809998563681948,0.0007567845753928609,0.014081015166077664,0.019084091026506322,0.02237992140204731,0.012887684052462059,0.01594855355925884,0.039942699866779716,0.004940236710040221,0.02888838226395395,0.003001031358482101,-0.00483969068373066,0.08281408228517656,0.05305526174464489
a37a53c4e1fce137,0.04336884538996819,0.053677068036272195,-0.006362017345006389,0.044651213927624056,1.0,0.021190882045683198,0.04336884538996819,0.026557973806738373,0.047328512735258586,0.016457492654963053,0.08513073665761871,0.04336884538996819,0.01734778161939835,0.021456131409237997,0.6408362718383663,-0.010468161929265998,-0.020489110381238282,-0.021907622889154217,1.0,0.026058239920050724,0.044651213927624056,0.08126157496508524,0.021236627830707705,0.047328512735258586,-0.20791977735944756,0.005716836094623371,0.02605390102923552,-0.036073085591666935,0.05040096886631796,0.04791303966865972,0.06361961445146694,0.03065635069795943,0.01894709172835761,-0.028175214700261384,0.03322516123053424,0.012041910018030304,0.04303835216550314,0.0690358385015085,-0.012023798003121986,0.0077414506364789845
dcfbeec9cf4c5190,0.10399532082199475,0.7686937416066261,0.10232712794223375,0.008839764938549741,0.021190882045683198,1.0,0.10399532082199475,0.0622456810814739,-0.01629539629906253,0.3669199220128565,0.054123315640279925,0.10399532082199475,0.11892409925922148,0.3097625113753312,0.0220469596444779,0.004236886158953779,0.008447485915301492,0.01099692621981318,0.02119088204568321,0.01395443621623605,0.00883976493854974,0.2514416634613433,0.2092748609218865,-0.01629539629906253,-0.0660879957417333,-0.0190355490345015,0.11129007107476666,-0.07620213147192657,-0.03874099321761328,-0.05869846532441755,-0.1136107482733613,-0.03520598720677229,0.1955948383198834,0.02735897055913346,-0.017843190836039177,0.052409715837553286,0.20049422576072745,0.0023158676971585545,0.042505235034527244,-0.006543785189558608
ef3f1ebb21d03d5c,1.0,0.19706173791074422,0.186152948141702,0.04748369105543082,0.04336884538996819,0.10399532082199475,1.0,0.42498056828182823,-0.043966577981052454,-0.0016566202726775135,0.7755583332886845,1.0,0.05523781738529435,0.05882788409206027,0.012117377024044139,0.01968317643627893,0.020573713371977276,0.021984780611434045,0.04336884538996819,-0.008649195900787846,0.04748369105543082,0.42172800672819377,0.04616025040402395,-0.043966577981052454,-0.009052706089681182,-0.012923073584381592,0.01721511799542878,-0.0030179335161648582,-0.010525330998390658,0.0073674415052598285,-0.003915897298222792,0.0037585605480762387,0.025353232490594416,-0.0016654584353760777,-0.0025023663646589847,0.4454788754586262,0.354476795769477,0.0015602859319023504,0.04410114866251125,0.016416418499138868
292441755c5ffdcc,0.42498056828182823,0.17047437285223954,0.02199744539108342,0.01560937689811099,0.026557973806738373,0.0622456810814739,0.42498056828182823,1.0,-0.01987309597520472,0.26542097464154657,0.3290111435505677,0.4249805682818283,0.020070000551289328,0.01841414151721749,0.01023226146859221,0.007751596819816904,0.01585724749223901,0.020475005333702147,0.026557973806738366,-0.014048314623317489,0.015609376898110986,0.40118214076055125,0.021499240874745137,-0.01987309597520472,-0.019205770544993162,0.00964330864696819,-0.0004898890784162841,0.0030721425605896063,-0.014129373901049869,-0.018636402063944495,-0.011566273865348316,-0.006410180142735204,0.0005381114135824005,0.0021637715518531154,-0.004111049510897816,0.5361828076386479,0.30780488976937115,0.00044502218933033407,0.01623054840579005,-0.004495267471070952
7d30471f7325a2a8,-0.043966577981052454,-0.011949033442824733,-0.023136838514214636,-0.006490613023476301,0.047328512735258586,-0.01629539629906253,-0.043966577981052454,-0.01987309597520472,1.0,-0.008293181465862685,-0.03349365415206053,-0.04396657798105245,-0.012280255422877707,-0.02390488822675307,0.03750951685412971,0.01614514530692976,-0.0046761540363961475,-0.005470099728333899,0.04732851273525857,0.010411800316028836,-0.006490613023476301,0.0037281045736914384,-0.009602746246600836,1.0,-0.03053302299311792,0.01855895286510193,-0.012830698404660269,0.0005262736686877234,0.015832632221882408,-0.01152957965244766,-0.0059826949214594576,-0.005186375092978181,0.008062761966604307,0.12202043702372721,0.24501135986122718,-0.009764345458612305,0.000872808974315392,0.0043921731212567825,-0.01132973938799391,-0.008153890590110048
f173207ae9bd5ccd,-0.0016566202726775135,0.3617145978453293,-0.018973027544467655,0.006698055423901641,0.016457492654963053,0.3669199220128565,-0.0016566202726775135,0.26542097464154657,-0.008293181465862685,1.0,-0.005011270802890474,-0.0016566202726775135,0.03450270784005221,0.19302073646765347,0.02830131322530864,-0.020872248991763293,0.00570301138562027,0.010519496479377133,0.016457492654963032,-0.019348131659812855,0.006698055423901643,0.1400910898626173,0.061869630786738454,-0.008293181465862685,-0.04258841082269018,-0.025599643299141862,-0.027343391395871185,-0.0469555394030522,-0.006223591704608312,-0.04342118015485957,-0.01314983656756948,-0.018802141141374285,0.10413562033350013,0.05770649302202982,-0.02298413803622564,-0.0027354545633993996,-0.01563363973129138,0.003473359736198807,-0.018655753480482366,-0.024891635494836556
0dc08daefa67c12e,0.7755583332886845,0.15717425803952245,0.175362728427288,0.36298474880283566,0.08513073665761871,0.054123315640279925,0.7755583332886845,0.3290111435505677,-0.03349365415206053,-0.005011270802890474,1.0,0.7755583332886845,0.03954984611762843,0.052614994346535646,0.05684049101757843,0.01663392355675419,0.01936323546312889,0.020892333773905578,0.08513073665761874,0.002808985675939584,0.36298474880283566,0.3051966222336537,0.05830011950647654,-0.03349365415206053,-0.04390883547787879,0.0019465142902658085,0.011342294609170767,0.027392377674195188,0.020306981423753576,0.012726370128144007,0.018871193635930407,0.01701541474855542,0.0038602911750199426,0.010204550904303002,-0.0030446971242275604,0.3407807341029958,0.27846969004941824,0.0009123274371384171,0.05905000963312335,0.018313308773118514
ee5692c4832db94b,1.0,0.19706173791074422,0.186152948141702,0.04748369105543082,0.04336884538996819,0.10399532082199475,1.0,0.4249805682818283,-0.04396657798105245,-0.0016566202726775135,0.7755583332886845,1.0,0.05523781738529435,0.05882788409206027,0.012117377024044139,0.01968317643627893,0.020573713371977276,0.021984780611434045,0.04336884538996819,-0.008649195900787846,0.04748369105543082,0.42172800672819377,0.04616025040402395,-0.043966577981052454,-0.009052706089681182,-0.012923073584381592,0.01721511799542878,-0.0030179335161648582,-0.010525330998390658,0.0073674415052598285,-0.003915897298222792,0.0037585605480762387,0.025353232490594416,-0.0016654584353760777,-0.0025023663646589847,0.4454788754586262,0.354476795769477,0.0015602859319023504,0.04410114866251125,0.016416418499138868
91510d8163e121fc,0.05523781738529435,0.13734620835508554,0.055060272327951396,0.014086910138934983,0.01734778161939835,0.11892409925922148,0.05523781738529435,0.020070000551289328,-0.012280255422877707,0.03450270784005221,0.03954984611762843,0.05523781738529435,1.0,0.09212272642078671,0.013572071955487488,0.01734904368061436,0.02624536349112647,0.025177723497526696,0.017347781619398348,0.03937739024852928,0.014086910138934984,0.03808032518050277,0.15398331799800033,-0.012280255422877707,-0.03050142049345404,0.04872160383335584,0.04858198286623967,-0.03337257381205172,-0.014090233796615574,-0.0048966976178570236,0.0062492944554928655,-0.0004674346983155621,0.03768770675135718,0.013333797723009884,0.025280218222538866,0.0397037748079293,0.02441315298939651,-0.0069411118907157544,0.1314891768306519,-0.010225418288971269
2496e35863212c76,0.05882788409206027,0.2920864161578929,0.04143655437664795,0.047205158698365376,0.021456131409237997,0.3097625113753312,0.05882788409206027,0.01841414151721749,-0.02390488822675307,0.19302073646765347,0.052614994346535646,0.05882788409206027,0.09212272642078671,1.0,0.022398163139113154,0.02942537924473193,0.03532987505411969,0.035665471368094656,0.021456131409238,0.06280074300946438,0.04720515869836537,0.059964384761918586,0.18539605697864003,-0.02390488822675306,-0.026494053486262294,0.03136907266809814,-0.013097605041585348,-0.006127709165426591,-0.014401736359506223,-0.032188478328417834,-0.007763795360989209,-0.022049492175650925,0.1077047777090251,0.017140272122838418,-0.009159937864194423,0.018987580932112023,-0.009784339733465946,-0.019930416111740484,-0.0007282074103377553,-0.03933286003179575
208d36ae3c31f890,0.012117377024044139,0.056202603765610634,0.0014259881334148911,0.017133168134481545,0.6408362718383663,0.0220469596444779,0.012117377024044139,0.01023226146859221,0.03750951685412971,0.02830131322530864,0.05684049101757843,0.012117377024044139,0.013572071955487488,0.022398163139113154,1.0,-0.0049257137019418475,-0.011753669673705013,-0.014121199059734189,0.6408362718383667,0.028046967248873015,0.017133168134481545,0.03285036662008894,0.03087302377143151,0.03750951685412972,-0.2818154466572713,-0.019319194035579884,0.031180445444939198,-0.04860265017647725,0.014833937815810268,0.005692051125456352,0.0011167678368584897,-0.0047563606893766,0.004885865288099635,-0.025784298935409275,0.018704723522337874,0.006064983958650131,0.032951576371596764,0.142813083828868,-0.016548881737568875,0.0029847802217249256
8bf949936eddd596,0.01968317643627893,0.010665042692959807,0.18057819584806353,0.0011307899343283448,-0.010468161929265998,0.004236886158953779,0.01968317643627893,0.007751596819816904,0.01614514530692976,-0.020872248991763293,0.01663392355675419,0.01968317643627893,0.01734904368061436,0.02942537924473193,-0.0049257137019418475,1.0,0.6750593999421745,0.6322281917137622,-0.010468161929265998,0.02041092227725484,0.0011307899343283416,0.039858834733398796,0.03157876382555517,0.016145145306929756,0.00998805244684169,-0.02321222114281581,-0.04486701232119636,-0.01050693968230951,-0.010882259055458289,-0.011624813578579436,-0.0035629861328560363,0.008309316628027858,0.06302518017429713,0.018855853184252407,-0.023503618262862985,0.025020035184737218,-0.008939625865124177,-0.009358407141376536,-0.013797003995815224,-0.021352489081018708
e8cde4045a54b14a,0.020573713371977276,0.0145147416666381,0.18700410427958694,0.007468267387725507,-0.020489110381238282,0.008447485915301492,0.020573713371977276,0.01585724749223901,-0.0046761540363961475,0.00570301138562027,0.01936323546312889,0.020573713371977276,0.02624536349112647,0.03532987505411969,-0.011753669673705013,0.6750593999421745,1.0,0.9913600859351441,-0.020489110381238285,0.010829028869541506,0.007468267387725507,0.03292192744620932,0.030795949874233168,-0.004676154036396145,0.020003970282255812,0.007317749598663844,-0.030458649914245742,-0.0020601982050078836,-0.0058053375104096,-0.010800064247229627,-0.003736503429458545,0.002463488750966109,0.02413521065513136,0.023745906184926606,-0.004315047468762984,0.028684533809561815,0.017084807380675637,-0.0011947216024439482,-0.018811047814233647,-0.027787777770632772
64880f270f8f6861,0.021984780611434045,0.020540603391312688,0.17235271670635166,0.006730054524252198,-0.021907622889154217,0.01099692621981318,0.021984780611434045,0.020475005333702147,-0.005470099728333899,0.010519496479377133,0.020892333773905578,0.021984780611434045,0.025177723497526696,0.035665471368094656,-0.014121199059734189,0.6322281917137622,0.9913600859351441,1.0,-0.021907622889154217,0.009042947109998317,0.006730054524252191,0.03819223626177573,0.02963452742114876,-0.005470099728333899,0.01925164544843123,0.014131998904589082,-0.029978359224220673,-0.003329712177630088,-0.00186058246068177,-0.00743760637408476,-0.002033584727471663,0.004548303349396977,0.016063091076853647,0.024906268726998738,-0.001460715171830207,0.0330270021703216,0.022000862925678034,-0.0018485986466373675,-0.0155314000001702,-0.02592054463175134
913c67d63ee5a478,0.04336884538996819,0.053677068036272195,-0.006362017345006389,0.044651213927624056,1.0,0.02119088204568321,0.04336884538996819,0.026557973806738366,0.04732851273525857,0.016457492654963032,0.08513073665761874,0.04336884538996819,0.017347781619398348,0.021456131409238,0.6408362718383667,-0.010468161929265998,-0.020489110381238285,-0.021907622889154217,1.0,0.026058239920050724,0.044651213927624056,0.08126157496508524,0.021236627830707705,0.047328512735258586,-0.20791977735944756,0.005716836094623371,0.02605390102923552,-0.036073085591666935,0.05040096886631796,0.04791303966865972,0.06361961445146694,0.03065635069795943,0.01894709172835761,-0.028175214700261384,0.03322516123053424,0.012041910018030304,0.04303835216550314,0.0690358385015085,-0.012023798003121986,0.0077414506364789845
28a0d94ccf2a6c08,-0.008649195900787846,0.013012193812086455,0.04198024268646087,0.05829759323844895,0.026058239920050724,0.01395443621623605,-0.008649195900787846,-0.014048314623317489,0.010411800316028836,-0.019348131659812855,0.002808985675939584,-0.008649195900787846,0.03937739024852928,0.06280074300946438,0.028046967248873015,0.02041092227725484,0.010829028869541506,0.009042947109998317,0.026058239920050724,1.0,0.05829759323844895,-0.010318710702708853,-0.027899728706390178,0.010411800316028836,0.009007845157975418,0.007997617287648513,-0.00022666021860885866,0.027196362364461452,0.00612057706675701,0.02431193352026654,0.04119537191515335,-0.0019080864252450332,0.054493780508355356,0.027981939518539115,0.03568580278650266,0.0012219348985137797,-0.011204510168914194,0.0009874062015836293,0.053338908043349426,0.07198332522463614
e0008aaebb2fda63,0.04748369105543082,0.025930626065998368,0.0807681482507733,1.0,0.044651213927624056,0.00883976493854974,0.04748369105543082,0.015609376898110986,-0.006490613023476301,0.006698055423901643,0.36298474880283566,0.04748369105543082,0.014086910138934984,0.04720515869836537,0.017133168134481545,0.0011307899343283416,0.007468267387725507,0.006730054524252191,0.044651213927624056,0.05829759323844895,1.0,0.0035860275995876784,0.03989101399304674,-0.006490613023476301,-0.002293670974233848,0.019525607113892517,-0.010809998563681948,0.0007567845753928609,0.014081015166077664,0.019084091026506322,0.02237992140204731,0.012887684052462059,0.01594855355925884,0.039942699866779716,0.004940236710040221,0.02888838226395395,0.003001031358482101,-0.00483969068373066,0.08281408228517656,0.05305526174464489
680166d42265ad55,0.42172800672819377,0.4643862987445857,0.019040328062575034,0.0035860275995876784,0.08126157496508524,0.2514416634613433,0.42172800672819377,0.40118214076055125,0.0037281045736914384,0.1400910898626173,0.3051966222336537,0.42172800672819377,0.03808032518050277,0.059964384761918586,0.03285036662008894,0.039858834733398796,0.03292192744620932,0.03819223626177573,0.08126157496508524,-0.010318710702708853,0.0035860275995876784,1.0,0.04265382928077212,0.003728104573691438,-0.017907209628868246,0.018858057003667827,-0.06083247551826261,0.010080453599865343,0.005430998511605918,-0.022767503642574818,-0.014026180395207245,-0.0025014762489909037,0.09220870474139131,0.005280641519488159,0.0018256196009006824,0.4508245851410642,0.28549693375670654,-0.00014688034200169953,0.06331258615996972,0.00280370047438875
816022f1cffa8310,0.04616025040402395,0.2089618581003808,0.1642386288668476,0.03989101399304674,0.021236627830707705,0.2092748609218865,0.04616025040402395,0.021499240874745137,-0.009602746246600836,0.061869630786738454,0.05830011950647654,0.04616025040402395,0.15398331799800033,0.18539605697864003,0.03087302377143151,0.03157876382555517,0.030795949874233168,0.02963452742114876,0.021236627830707705,-0.027899728706390178,0.03989101399304674,0.04265382928077212,1.0,-0.009602746246600827,-0.020780271075906274,0.07362766163584912,0.020913429930726986,-0.016292462205379717,0.000775417443838149,-0.021905693046184053,-0.031711055263116524,0.0072674665229810155,0.02053846442744079,0.0011662572960283427,-0.02595557001214852,0.015788453363811374,0.015362368755051096,-0.0022383079573282177,0.04132028994633274,-0.051541550884830395
f8e4773a916f0f75,-0.043966577981052454,-0.011949033442824733,-0.023136838514214636,-0.006490613023476301,0.047328512735258586,-0.01629539629906253,-0.043966577981052454,-0.01987309597520472,1.0,-0.008293181465862685,-0.03349365415206053,-0.043966577981052454,-0.012280255422877707,-0.02390488822675306,0.03750951685412972,0.016145145306929756,-0.004676154036396145,-0.005470099728333899,0.047328512735258586,0.010411800316028836,-0.006490613023476301,0.003728104573691438,-0.009602746246600827,1.0,-0.03053302299311792,0.01855895286510193,-0.012830698404660269,0.0005262736686877234,0.015832632221882408,-0.01152957965244766,-0.0059826949214594576,-0.005186375092978181,0.008062761966604307,0.12202043702372721,0.24501135986122718,-0.009764345458612305,0.000872808974315392,0.0043921731212567825,-0.01132973938799391,-0.008153890590110048
fda6a92d0fdc1a1d,-0.009052706089681182,-0.08049792927309916,-0.03444414739227663,-0.002293670974233848,-0.20791977735944756,-0.0660879957417333,-0.009052706089681182,-0.019205770544993162,-0.03053302299311792,-0.04258841082269018,-0.04390883547787879,-0.009052706089681182,-0.03050142049345404,-0.026494053486262294,-0.2818154466572713,0.00998805244684169,0.020003970282255812,0.01925164544843123,-0.20791977735944756,0.009007845157975418,-0.002293670974233848,-0.017907209628868246,-0.020780271075906274,-0.03053302299311792,1.0,-0.0007152410411516754,0.08142272363737722,0.037255444739622015,0.0617171460601633,0.03256686990983241,0.014080898248930386,0.04910174103812309,0.1314967984330265,0.17014115876777594,0.03536614511824996,-0.01594813654426009,-0.012782617020375921,0.002139855373057152,0.05821917475996127,0.02430069205393562
fad9ff0f91ecab15,-0.012923073584381592,-0.00811117279259636,0.0063730279214248625,0.019525607113892517,0.005716836094623371,-0.0190355490345015,-0.012923073584381592,0.00964330864696819,0.01855895286510193,-0.025599643299141862,0.0019465142902658085,-0.012923073584381592,0.04872160383335584,0.03136907266809814,-0.019319194035579884,-0.02321222114281581,0.007317749598663844,0.014131998904589082,0.005716836094623371,0.007997617287648513,0.019525607113892517,0.018858057003667827,0.07362766163584912,0.01855895286510193,-0.0007152410411516754,1.0,0.02760143275004568,0.02462026041887886,0.012105356952801625,0.015351110431329685,0.05678905739541427,0.010053385169796368,-0.04280990058610706,-0.004217984997323138,0.008563680359738951,-0.009725768316300407,0.01040900664327378,-0.0006734498436452515,0.03740685851691523,0.03560358610985192
2902e60324bd4c13,0.01721511799542878,0.10549184572136906,0.002490845800137623,-0.010809998563681948,0.02605390102923552,0.11129007107476666,0.01721511799542878,-0.0004898890784162841,-0.012830698404660269,-0.027343391395871185,0.011342294609170767,0.01721511799542878,0.04858198286623967,-0.013097605041585348,0.031180445444939198,-0.04486701232119636,-0.030458649914245742,-0.029978359224220673,0.02605390102923552,-0.00022666021860885866,-0.010809998563681948,-0.06083247551826261,0.020913429930726986,-0.012830698404660269,0.08142272363737722,0.02760143275004568,1.0,-0.0014911823643024178,-0.008755852687033258,0.0007836912928873259,-0.05058064011052614,-0.006225430425838472,0.22310307678730243,0.03188942327330374,-0.020602273621162234,-0.0002113776167019578,0.026390320220790624,0.014012142244187707,0.030341198823293905,0.009509637772796994
23ff266a203fea0d,-0.0030179335161648582,-0.06138693457838117,-0.0033128798829411433,0.0007567845753928609,-0.036073085591666935,-0.07620213147192657,-0.0030179335161648582,0.0030721425605896063,0.0005262736686877234,-0.0469555394030522,0.027392377674195188,-0.0030179335161648582,-0.03337257381205172,-0.006127709165426591,-0.04860265017647725,-0.01050693968230951,-0.0020601982050078836,-0.003329712177630088,-0.036073085591666935,0.027196362364461452,0.0007567845753928609,0.010080453599865343,-0.016292462205379717,0.0005262736686877234,0.037255444739622015,0.02462026041887886,-0.0014911823643024178,1.0,0.028011119649010784,-0.006106005052059353,0.10084432790418135,0.01103683646797535,0.008995951015557247,-0.020252227439483152,-0.0042680591739561215,-0.002062739800317257,0.0029918271819419904,0.023567843133316654,0.0047674253932505645,0.005259564071273061
bec60afef14416c2,-0.010525330998390658,-0.02589986982541932,-0.015832706060548103,0.014081015166077664,0.05040096886631796,-0.03874099321761328,-0.010525330998390658,-0.014129373901049869,0.015832632221882408,-0.006223591704608312,0.020306981423753576,-0.010525330998390658,-0.014090233796615574,-0.014401736359506223,0.014833937815810268,-0.010882259055458289,-0.0058053375104096,-0.00186058246068177,0.05040096886631796,0.00612057706675701,0.014081015166077664,0.005430998511605918,0.000775417443838149,0.015832632221882408,0.0617171460601633,0.012105356952801625,-0.008755852687033258,0.028011119649010784,1.0,0.09435852127746579,0.10665091866386113,0.525208841602709,0.01749472430866978,0.023210808729596057,0.01631850535032269,-0.011177152916236254,0.01453082549030906,0.0011349195139874026,0.03827221756011364,0.09004981853759361
a0cc249592a067f4,0.0073674415052598285,-0.047095771990516316,-0.04605611140156181,0.019084091026506322,0.04791303966865972,-0.05869846532441755,0.0073674415052598285,-0.018636402063944495,-0.01152957965244766,-0.04342118015485957,0.012726370128144007,0.0073674415052598285,-0.0048966976178570236,-0.032188478328417834,0.005692051125456352,-0.011624813578579436,-0.010800064247229627,-0.00743760637408476,0.04791303966865972,0.02431193352026654,0.019084091026506322,-0.022767503642574818,-0.021905693046184053,-0.01152957965244766,0.03256686990983241,0.015351110431329685,0.0007836912928873259,-0.006106005052059353,0.09435852127746579,1.0,0.05514199042548696,0.5819700438185545,-0.06484543134738527,-0.005096332249648496,0.00936285774864256,-0.006242712230997163,-0.01046813612890581,0.002791915908227825,0.09578676770293928,0.19903554010162475
acc065823d9dcfb7,-0.003915897298222792,-0.13138644000720107,-0.0018261072834781671,0.02237992140204731,0.06361961445146694,-0.1136107482733613,-0.003915897298222792,-0.011566273865348316,-0.0059826949214594576,-0.01314983656756948,0.018871193635930407,-0.003915897298222792,0.0062492944554928655,-0.007763795360989209,0.0011167678368584897,-0.0035629861328560363,-0.003736503429458545,-0.002033584727471663,0.06361961445146694,0.04119537191515335,0.02237992140204731,-0.014026180395207245,-0.031711055263116524,-0.0059826949214594576,0.014080898248930386,0.05678905739541427,-0.05058064011052614,0.10084432790418135,0.10665091866386113,0.05514199042548696,1.0,0.05097711664903318,-0.01730618022958743,0.021169749065466828,0.012345365739920407,-0.0023105678558659006,-0.02243133900295121,0.011508941634773458,0.012708049893516364,0.03680914261318751
4087717bb62f6610,0.0037585605480762387,-0.04055950529837288,-0.014067464564180425,0.012887684052462059,0.03065635069795943,-0.03520598720677229,0.0037585605480762387,-0.006410180142735204,-0.005186375092978181,-0.018802141141374285,0.01701541474855542,0.0037585605480762387,-0.0004674346983155621,-0.022049492175650925,-0.0047563606893766,0.008309316628027858,0.002463488750966109,0.004548303349396977,0.03065635069795943,-0.0019080864252450332,0.012887684052462059,-0.0025014762489909037,0.0072674665229810155,-0.005186375092978181,0.04910174103812309,0.010053385169796368,-0.006225430425838472,0.01103683646797535,0.525208841602709,0.5819700438185545,0.05097711664903318,1.0,0.0024713132416234527,-0.013284448985364199,0.004835155503180104,-0.0011661403416506012,-0.0006560905448664456,0.0015457718604290017,0.07312414869572877,0.15309679314873903
0b596d1ce6d258c0,0.025353232490594416,0.126806867200658,-0.014873735231924678,0.01594855355925884,0.01894709172835761,0.1955948383198834,0.025353232490594416,0.0005381114135824005,0.008062761966604307,0.10413562033350013,0.0038602911750199426,0.025353232490594416,0.03768770675135718,0.1077047777090251,0.004885865288099635,0.06302518017429713,0.02413521065513136,0.016063091076853647,0.01894709172835761,0.054493780508355356,0.01594855355925884,0.09220870474139131,0.02053846442744079,0.008062761966604307,0.1314967984330265,-0.04280990058610706,0.22310307678730243,0.008995951015557247,0.01749472430866978,-0.06484543134738527,-0.01730618022958743,0.0024713132416234527,1.0,0.0892486967094206,0.00902287062700999,0.006904917050416533,-0.014023569597919304,0.011377858897681895,0.03190733004612929,-0.003001986237080897
bc79985845236f4a,-0.0016654584353760777,0.060847606655551514,0.04384191862131265,0.039942699866779716,-0.028175214700261384,0.02735897055913346,-0.0016654584353760777,0.0021637715518531154,0.12202043702372721,0.05770649302202982,0.010204550904303002,-0.0016654584353760777,0.013333797723009884,0.017140272122838418,-0.025784298935409275,0.018855853184252407,0.023745906184926606,0.024906268726998738,-0.028175214700261384,0.027981939518539115,0.039942699866779716,0.005280641519488159,0.0011662572960283427,0.12202043702372721,0.17014115876777594,-0.004217984997323138,0.03188942327330374,-0.020252227439483152,0.023210808729596057,-0.005096332249648496,0.021169749065466828,-0.013284448985364199,0.0892486967094206,1.0,0.3760182678307465,-0.0013899984597382318,-0.012806903703761516,0.00019086990321254876,0.0437232885212641,-0.009842385340570138
6b50c641a4eaf53e,-0.0025023663646589847,-0.0239306496977406,-0.027822251499311057,0.004940236710040221,0.03322516123053424,-0.017843190836039177,-0.0025023663646589847,-0.004111049510897816,0.24501135986122718,-0.02298413803622564,-0.0030446971242275604,-0.0025023663646589847,0.025280218222538866,-0.009159937864194423,0.018704723522337874,-0.023503618262862985,-0.004315047468762984,-0.001460715171830207,0.03322516123053424,0.03568580278650266,0.004940236710040221,0.0018256196009006824,-0.02595557001214852,0.24501135986122718,0.03536614511824996,0.008563680359738951,-0.020602273621162234,-0.0042680591739561215,0.01631850535032269,0.00936285774864256,0.012345365739920407,0.004835155503180104,0.00902287062700999,0.3760182678307465,1.0,0.006187406141441111,0.006403394075422859,0.002348175083729054,0.018039359637071595,0.04314486596123666
bfe638853ce4a153,0.4454788754586262,0.21230504019377508,0.08748008075668083,0.02888838226395395,0.012041910018030304,0.052409715837553286,0.4454788754586262,0.5361828076386479,-0.009764345458612305,-0.0027354545633993996,0.3407807341029958,0.4454788754586262,0.0397037748079293,0.018987580932112023,0.006064983958650131,0.025020035184737218,0.028684533809561815,0.0330270021703216,0.012041910018030304,0.0012219348985137797,0.02888838226395395,0.4508245851410642,0.015788453363811374,-0.009764345458612305,-0.01594813654426009,-0.009725768316300407,-0.0002113776167019578,-0.002062739800317257,-0.011177152916236254,-0.006242712230997163,-0.0023105678558659006,-0.0011661403416506012,0.006904917050416533,-0.0013899984597382318,0.006187406141441111,1.0,0.23876767457019415,0.0003254995681272474,0.015236046772402898,-0.004418564761801345
409ca5c54a3efce7,0.354476795769477,0.21443342080198652,-0.0007452262647046533,0.003001031358482101,0.04303835216550314,0.20049422576072745,0.354476795769477,0.30780488976937115,0.000872808974315392,-0.01563363973129138,0.27846969004941824,0.354476795769477,0.02441315298939651,-0.009784339733465946,0.032951576371596764,-0.008939625865124177,0.017084807380675637,0.022000862925678034,0.04303835216550314,-0.011204510168914194,0.003001031358482101,0.28549693375670654,0.015362368755051096,0.000872808974315392,-0.012782617020375921,0.01040900664327378,0.026390320220790624,0.0029918271819419904,0.01453082549030906,-0.01046813612890581,-0.02243133900295121,-0.0006560905448664456,-0.014023569597919304,-0.012806903703761516,0.006403394075422859,0.23876767457019415,1.0,0.00021391838808938675,0.04318611507823089,-0.004106558830613126
eeb44b96bbac9604,0.0015602859319023504,-0.01905929233088283,0.011828452828582785,-0.00483969068373066,0.0690358385015085,0.0023158676971585545,0.0015602859319023504,0.00044502218933033407,0.0043921731212567825,0.003473359736198807,0.0009123274371384171,0.0015602859319023504,-0.0069411118907157544,-0.019930416111740484,0.142813083828868,-0.009358407141376536,-0.0011947216024439482,-0.0018485986466373675,0.0690358385015085,0.0009874062015836293,-0.00483969068373066,-0.00014688034200169953,-0.0022383079573282177,0.0043921731212567825,0.002139855373057152,-0.0006734498436452515,0.014012142244187707,0.023567843133316654,0.0011349195139874026,0.002791915908227825,0.011508941634773458,0.0015457718604290017,0.011377858897681895,0.00019086990321254876,0.002348175083729054,0.0003254995681272474,0.00021391838808938675,1.0,0.003984278148680578,0.003508772045210773
dd95aab5d08306e1,0.04410114866251125,0.06493105904322737,0.08416838933946647,0.08281408228517656,-0.012023798003121986,0.042505235034527244,0.04410114866251125,0.01623054840579005,-0.01132973938799391,-0.018655753480482366,0.05905000963312335,0.04410114866251125,0.1314891768306519,-0.0007282074103377553,-0.016548881737568875,-0.013797003995815224,-0.018811047814233647,-0.0155314000001702,-0.012023798003121986,0.053338908043349426,0.08281408228517656,0.06331258615996972,0.04132028994633274,-0.01132973938799391,0.05821917475996127,0.03740685851691523,0.030341198823293905,0.0047674253932505645,0.03827221756011364,0.09578676770293928,0.012708049893516364,0.07312414869572877,0.03190733004612929,0.0437232885212641,0.018039359637071595,0.015236046772402898,0.04318611507823089,0.003984278148680578,1.0,0.5284312688443764
6a116a4eef3afb73,0.016416418499138868,-0.021043641688469266,0.014914496675463023,0.05305526174464489,0.0077414506364789845,-0.006543785189558608,0.016416418499138868,-0.004495267471070952,-0.008153890590110048,-0.024891635494836556,0.018313308773118514,0.016416418499138868,-0.010225418288971269,-0.03933286003179575,0.0029847802217249256,-0.021352489081018708,-0.027787777770632772,-0.02592054463175134,0.0077414506364789845,0.07198332522463614,0.05305526174464489,0.00280370047438875,-0.051541550884830395,-0.008153890590110048,0.02430069205393562,0.03560358610985192,0.009509637772796994,0.005259564071273061,0.09004981853759361,0.19903554010162475,0.03680914261318751,0.15309679314873903,-0.003001986237080897,-0.009842385340570138,0.04314486596123666,-0.004418564761801345,-0.004106558830613126,0.003508772045210773,0.5284312688443764,1.0
